82.205
92.585
127.809
57.855
57.620
119.862
129.165
123.709
70.676
121.098
125.483
49.410
114.987
80.855
99.130
88.392
98.374
58.170
108.866
50.775
103.822
64.893
103.391
122.048
90.000
90.000
95.938
111.316
54.897
95.130
80.915
102.514
46.928
90.000
80.216
70.982
129.304
121.006
127.219
112.400
100.861
95.434
98.471
85.429
80.870
109.851
99.546
87.254
92.749
65.722
68.992
76.585
77.177
62.101
83.595
74.845
73.640
82.772
107.536
108.885
60.750
91.816
100.236
49.447
112.829
92.585
81.796
124.246
77.048
94.342
65.523
153.873
129.356
67.599
119.862
129.165
123.659
57.620
125.483
75.443
90.000
98.545
69.527
127.211
80.855
99.130
88.392
116.718
58.170
92.289
76.105
98.197
108.866
121.132
47.494
108.590
131.023
123.744
64.893
103.391
40.821
48.336
90.000
96.558
119.222
81.823
61.028
69.370
95.938
61.739
52.730
137.238
120.545
96.333
102.095
90.000
80.915
90.000
95.748
116.449
99.008
81.315
60.178
70.982
129.304
121.006
97.051
123.502
127.219
72.922
131.865
112.400
15.755
114.694
113.060
90.000
117.478
99.732
84.186
82.460
63.199
44.809
119.319
112.312
76.178
79.297
81.626
114.964
63.530
85.322
60.063
86.557
89.104
45.301
